cam0:
  cam_overlaps: [1]
  camera_model: pinhole
  distortion_coeffs: [0.13030943011119098, -0.2888420975392503, 0.0002752540001609054, 0.002338715581231416]
  distortion_model: radtan
  intrinsics: [605.4529248834577, 604.9409444737163, 320.3388339349864, 236.14259687906255]
  resolution: [640, 480]
  rostopic: /D435I/color/image_raw_throttle
cam1:
  T_cn_cnm1:
  - [0.9999797479290186, 0.006252217586499932, 0.0011889100343454584, -0.010240939418857807]
  - [-0.006263538077639768, 0.9999326636091919, 0.009769152377714566, 0.06577215068054588]
  - [-0.0011277511111336042, -0.009776401315418183, 0.9999515739048334, 0.01157648539054208]
  - [0.0, 0.0, 0.0, 1.0]
  cam_overlaps: [0]
  camera_model: pinhole
  distortion_coeffs: [-0.009494348514909445, 0.05628164788077408, -0.05995746751011047, 0.016503326755942457]
  distortion_model: equidistant
  intrinsics: [286.87849493984714, 286.87462229837365, 420.2555832317774, 396.0897129368224]
  resolution: [848, 800]
  rostopic: /T265/fisheye1/image_raw_throttle
